0.0 423
0.0001 228
0.0002 79
0.00030000000000000003 57
0.0004 35
0.0005 20
0.0006000000000000001 10
0.0007 16
0.0008 8
0.0009000000000000001 6
0.001 4
0.0011 4
0.0012000000000000001 13
0.0013000000000000002 10
0.0014 6
0.0015 9
0.0016 8
0.0017000000000000001 4
0.0018000000000000002 3
0.0019 4
0.002 5
0.0021000000000000003 1
0.0022 2
0.0023 4
0.0024000000000000002 3
0.0025 0
0.0026000000000000003 0
0.0027 2
0.0028 0
0.0029000000000000002 0
0.003 0
0.0031000000000000003 2
0.0032 0
0.0033 0
0.0034000000000000002 0
0.0035 1
0.0036000000000000003 0
0.0037 0
0.0038 0
0.0039000000000000003 0
